L1(x) = 0.8 x
g(x) = -0.0049382716049382715826 x^3 + 0.8 x
q(x) = -0.044444444444444445598 x^2 + 0.93333333333333333655 x - 0.13333333333333333655
h(x) = 0.0049382716049382715809 x^3 - 0.44444444444444444207 x^2 + 11.733333333333333272 x - 97.333333333333332761
L2(x) = -1.6 x + t